#Contains all Q-numbers of the fountains from lucernewater added to wikidata
#Currently, none of these wikidata-entries have pictures

76867715 
76867733 
76867752 
76867774 
76867792 
76867810 
76867829 
76867845 
76867865 
76867881 
76867890 
76867919 
76867933 
76867950 
76867968 
76867985 
76867998 
76868012 
76868027 
76868046 
76868068 
76868090 
76868108 
76868134 
76868143 
76868152 
76868172 
76868190 
76868213 
76868231 
76868255 
76868276 
76868300 
76868322 
76868345 
76868366 
76868387 
76868407 
76868426 
76868449 
76868465 
76868485 
76868503 
76868513 
76868529 
76868543 
76868562 
76868583 
76868603 
76868623 
76868643 
76868663 
76868679 
76868683 
76868687 
76868694 
76868698 
76868702 
76868708 
76868720 
76868738 
76868758 
76868777 
76868797 
76868815 
76868831 
76868848 
76868867 
76868885 
76868905 
76868925 
76868944 
76868963 
76868982 
76869002 
76869022 
76869038 
76869054 
76869067 
76869081 
76869102 
76869120 
76869137 
76869162 
76869182 
76869200 
76869222 
76869245 
76869266 
76869287 
76869310 
76869331 
76869353 
76869372 
76869383 
76869399 
76869416 
76869420 
76869450 
76869465 
76869486 
76869504 
76869527 
76869547 
76869569 
76869593 
76869617 
76869637 
76869658 
76869681 
76869700 
76869722 
76869743 
76869764 
76869787 
76869807 
76869828 
76869850 
76869872 
76869894 
76869915 
76869938 
76869960 
76869982 
76870006 
76870027 
76870051 
76870075 
76870097 
76870121 
76870147 
76870172 
76870201 
76870230 
76870254 
76870273 
76870297 
76870320 
76870346 
76870368 
76870390 
76870408 
76870424 
76870443 
76870462 
76870485 
76870509 
76870531 